2 Anjana 10.000000 8.000000 7.000000 49.000000 5.000000 17.400000
1 Pavi 10.000000 9.000000 8.000000 10.000000 9.000000 9.200000
1 Pavi 10.000000 9.000000 9.000000 8.000000 10.000000 9.150000
1 Pavithra 9.000000 10.000000 10.000000 8.000000 9.000000 9.100000
3 Abin 9.000000 10.000000 8.000000 7.000000 10.000000 8.850000
0 Hrishi 3.000000 2.000000 0.000000 19.000000 10.000000 8.450000
2 Nikhil 7.000000 8.000000 10.000000 10.000000 7.000000 8.400000
2 Nikhil 10.000000 9.000000 8.000000 10.000000 6.000000 8.300000
1 Subhiksha 9.000000 5.000000 10.000000 3.000000 10.000000 7.150000
3 Abin 10.000000 10.000000 7.000000 5.000000 4.000000 6.500000
